name: tma-dearray
channels:
  - conda-forge
  - defaults
dependencies:
  - _libavif_api=1.0.4=h57928b3_4
  - aom=3.9.1=he0c23c2_0
  - blosc=1.21.5=hbd69f2e_1
  - bzip2=1.0.8=hcfcfb64_5
  - c-blosc2=2.14.4=h183a6f4_1
  - ca-certificates=2024.6.2=h56e8100_0
  - charls=2.4.2=h1537add_0
  - colorama=0.4.6=pyhd8ed1ab_0
  - dav1d=1.2.1=hcfcfb64_0
  - freetype=2.12.1=hdaf720e_2
  - geos=3.12.1=h1537add_0
  - giflib=5.2.2=h64bf75a_0
  - imagecodecs=2024.6.1=py312h8a63b06_0
  - intel-openmp=2024.1.0=h57928b3_966
  - jxrlib=1.1=hcfcfb64_3
  - lcms2=2.16=h67d730c_0
  - lerc=4.0.0=h63175ca_0
  - libaec=1.1.3=h63175ca_0
  - libavif16=1.0.4=hac688ae_4
  - libblas=3.9.0=22_win64_mkl
  - libbrotlicommon=1.1.0=hcfcfb64_1
  - libbrotlidec=1.1.0=hcfcfb64_1
  - libbrotlienc=1.1.0=hcfcfb64_1
  - libcblas=3.9.0=22_win64_mkl
  - libdeflate=1.20=hcfcfb64_0
  - libexpat=2.6.2=h63175ca_0
  - libffi=3.4.2=h8ffe710_5
  - libhwloc=2.10.0=default_h8125262_1001
  - libiconv=1.17=hcfcfb64_2
  - libjpeg-turbo=3.0.0=hcfcfb64_1
  - liblapack=3.9.0=22_win64_mkl
  - libpng=1.6.43=h19919ed_0
  - libsqlite=3.46.0=h2466b09_0
  - libtiff=4.6.0=hddb2be6_3
  - libwebp-base=1.4.0=hcfcfb64_0
  - libxcb=1.15=hcd874cb_0
  - libxml2=2.12.7=h283a6d9_1
  - libzlib=1.3.1=h2466b09_1
  - libzopfli=1.0.3=h0e60522_0
  - lz4-c=1.9.4=hcfcfb64_0
  - m2w64-gcc-libgfortran=5.3.0=6
  - m2w64-gcc-libs=5.3.0=7
  - m2w64-gcc-libs-core=5.3.0=7
  - m2w64-gmp=6.1.0=2
  - m2w64-libwinpthread-git=5.0.0.4634.697f757=2
  - mkl=2024.1.0=h66d3029_692
  - msys2-conda-epoch=20160418=1
  - numpy=1.26.4=py312h8753938_0
  - openjpeg=2.5.2=h3d672ee_0
  - openssl=3.3.1=h2466b09_0
  - pillow=10.3.0=py312h6f6a607_0
  - pip=24.0=pyhd8ed1ab_0
  - pthread-stubs=0.4=hcd874cb_1001
  - pthreads-win32=2.9.1=hfa6e2cd_3
  - python=3.12.4=h889d299_0_cpython
  - python_abi=3.12=4_cp312
  - rav1e=0.6.6=h975169c_2
  - setuptools=70.0.0=pyhd8ed1ab_0
  - shapely=2.0.4=py312h91267bd_1
  - snappy=1.2.0=hfb803bf_1
  - svt-av1=2.1.0=he0c23c2_0
  - tbb=2021.12.0=hc790b64_1
  - tifffile=2024.5.22=pyhd8ed1ab_0
  - tk=8.6.13=h5226925_1
  - tqdm=4.66.4=pyhd8ed1ab_0
  - tzdata=2024a=h0c530f3_0
  - ucrt=10.0.22621.0=h57928b3_0
  - vc=14.3=h8a93ad2_20
  - vc14_runtime=14.40.33810=ha82c5b3_20
  - vs2015_runtime=14.40.33810=h3bf8584_20
  - wheel=0.43.0=pyhd8ed1ab_1
  - xorg-libxau=1.0.11=hcd874cb_0
  - xorg-libxdmcp=1.1.3=hcd874cb_0
  - xz=5.2.6=h8d14728_0
  - zfp=1.0.1=h63175ca_0
  - zlib-ng=2.0.7=hcfcfb64_0
  - zstd=1.5.6=h0ea2cb4_0
prefix: C:\Users\chris\anaconda3\envs\tma-dearray
